1000000000
1007874016
1015748031
1023622047
1031496063
1039370079
1047244094
1055118110
1062992126
1070866142
1078740157
1086614173
1094488189
1102362205
1110236220
1118110236
1125984252
1133858268
1141732283
1149606299
1157480315
1165354331
1173228346
1181102362
1188976378
1196850394
1204724409
1212598425
1220472441
1228346457
1236220472
1244094488
1251968504
1259842520
1267716535
1275590551
1283464567
1291338583
1299212598
1307086614
1314960630
1322834646
1330708661
1338582677
1346456693
1354330709
1362204724
1370078740
1377952756
1385826772
1393700787
1401574803
1409448819
1417322835
1425196850
1433070866
1440944882
1448818898
1456692913
1464566929
1472440945
1480314961
1488188976
1496062992
1503937008
1511811024
1519685039
1527559055
1535433071
1543307087
1551181102
1559055118
1566929134
1574803150
1582677165
1590551181
1598425197
1606299213
1614173228
1622047244
1629921260
1637795276
1645669291
1653543307
1661417323
1669291339
1677165354
1685039370
1692913386
1700787402
1708661417
1716535433
1724409449
1732283465
1740157480
1748031496
1755905512
1763779528
1771653543
1779527559
1787401575
1795275591
1803149606
1811023622
1818897638
1826771654
1834645669
1842519685
1850393701
1858267717
1866141732
1874015748
1881889764
1889763780
1897637795
1905511811
1913385827
1921259843
1929133858
1937007874
1944881890
1952755906
1960629921
1968503937
1976377953
1984251969
1992125984
2000000000